47
NULL 0 NULL 0
Joined 0 0,255,0,255,0,0,0,0,0,0 NULL 0 0 0 	# Joined [4a 6f 69 6e 65 64 ]
|Broken|0|1 0 0,255,0,255,0,0,0,0,0,0 NULL 0 0 0 	# Broken
单 1 0,255,0,255,0,0,0,0,0,0 NULL 3 0 0 	# 单 [5355 ]x
核 1 0,255,0,255,0,0,0,0,0,0 NULL 4 0 0 	# 核 [6838 ]x
苷 1 0,255,0,255,0,0,0,0,0,0 NULL 5 0 0 	# 苷 [82f7 ]x
酸 1 0,255,0,255,0,0,0,0,0,0 NULL 6 0 0 	# 酸 [9178 ]x
变 1 0,255,0,255,0,0,0,0,0,0 NULL 7 0 0 	# 变 [53d8 ]x
异 1 0,255,0,255,0,0,0,0,0,0 NULL 8 0 0 	# 异 [5f02 ]x
、 10 0,255,0,255,0,0,0,0,0,0 NULL 9 0 0 	# 、 [3001 ]p
小 1 0,255,0,255,0,0,0,0,0,0 NULL 10 0 0 	# 小 [5c0f ]x
片 1 0,255,0,255,0,0,0,0,0,0 NULL 11 0 0 	# 片 [7247 ]x
段 1 0,255,0,255,0,0,0,0,0,0 NULL 12 0 0 	# 段 [6bb5 ]x
插 1 0,255,0,255,0,0,0,0,0,0 NULL 13 0 0 	# 插 [63d2 ]x
入 1 0,255,0,255,0,0,0,0,0,0 NULL 14 0 0 	# 入 [5165 ]x
缺 1 0,255,0,255,0,0,0,0,0,0 NULL 15 0 0 	# 缺 [7f3a ]x
失 1 0,255,0,255,0,0,0,0,0,0 NULL 16 0 0 	# 失 [5931 ]x
检 1 0,255,0,255,0,0,0,0,0,0 NULL 17 0 0 	# 检 [68c0 ]x
测 1 0,255,0,255,0,0,0,0,0,0 NULL 18 0 0 	# 测 [6d4b ]x
结 1 0,255,0,255,0,0,0,0,0,0 NULL 19 0 0 	# 结 [7ed3 ]x
果 1 0,255,0,255,0,0,0,0,0,0 NULL 20 0 0 	# 果 [679c ]x
转 1 0,255,0,255,0,0,0,0,0,0 NULL 21 0 0 	# 转 [8f6c ]x
基 1 0,255,0,255,0,0,0,0,0,0 NULL 22 0 0 	# 基 [57fa ]x
因 1 0,255,0,255,0,0,0,0,0,0 NULL 23 0 0 	# 因 [56e0 ]x
录 1 0,255,0,255,0,0,0,0,0,0 NULL 24 0 0 	# 录 [5f55 ]x
本 1 0,255,0,255,0,0,0,0,0,0 NULL 25 0 0 	# 本 [672c ]x
编 1 0,255,0,255,0,0,0,0,0,0 NULL 26 0 0 	# 编 [7f16 ]x
号 1 0,255,0,255,0,0,0,0,0,0 NULL 27 0 0 	# 号 [53f7 ]x
外 1 0,255,0,255,0,0,0,0,0,0 NULL 28 0 0 	# 外 [5916 ]x
显 1 0,255,0,255,0,0,0,0,0,0 NULL 29 0 0 	# 显 [663e ]x
子 1 0,255,0,255,0,0,0,0,0,0 NULL 30 0 0 	# 子 [5b50 ]x
位 1 0,255,0,255,0,0,0,0,0,0 NULL 31 0 0 	# 位 [4f4d ]x
置 1 0,255,0,255,0,0,0,0,0,0 NULL 32 0 0 	# 置 [7f6e ]x
化 1 0,255,0,255,0,0,0,0,0,0 NULL 33 0 0 	# 化 [5316 ]x
氨 1 0,255,0,255,0,0,0,0,0,0 NULL 34 0 0 	# 氨 [6c28 ]x
d 3 0,255,0,255,0,0,0,0,0,0 NULL -1 0 0 	# d [64 ]a
b 3 0,255,0,255,0,0,0,0,0,0 NULL -1 0 0 	# b [62 ]a
S 5 0,255,0,255,0,0,0,0,0,0 NULL -1 0 0 	# S [53 ]A
N 5 0,255,0,255,0,0,0,0,0,0 NULL -1 0 0 	# N [4e ]A
P 5 0,255,0,255,0,0,0,0,0,0 NULL -1 0 0 	# P [50 ]A
突 1 0,255,0,255,0,0,0,0,0,0 NULL 40 0 0 	# 突 [7a81 ]x
比 1 0,255,0,255,0,0,0,0,0,0 NULL 41 0 0 	# 比 [6bd4 ]x
例 1 0,255,0,255,0,0,0,0,0,0 NULL 42 0 0 	# 例 [4f8b ]x
| 10 0,255,0,255,0,0,0,0,0,0 NULL 43 0 0 	# | [7c ]p
取 1 0,255,0,255,0,0,0,0,0,0 NULL 44 0 0 	# 取 [53d6 ]x
宋 1 0,255,0,255,0,0,0,0,0,0 NULL 45 0 0 	# 宋 [5b8b ]x
~ 10 0,255,0,255,0,0,0,0,0,0 NULL 46 0 0 	# ~ [7e ]p
